[0.8634866945158801, 0.320720127643006, 0.7860629514896087]
[-0.7010415933755798, 0.2289667280525763, -0.6560795251901644]
[0.10294647881114642, 0.04110791742474248, 0.015]
[1.032904691707468, 1.0930585504660566, 0.6822267659049104]
[0.9874716977174343, 0.7761864324886325, 0.7272899705142606]
[0.9491307602950099, 0.001930815221329052, 0.9689771745271303]
[0.9529009759921995, 0.0009349097343525208, 0.9546598935028229]
[1.3067294482988998, 1.5926755245006565, 0.9000900090008852]
[0, 0, 0]
[-55.91513720117673, 533.5775755312034, -57.92667203946178]
[0.47969329073482414, 5.792706956909967, 0.1810000000000116]
[0.01516333495855689, 0.003218974178915509, 0.0]
[101.66666666666667, 0, 101.66666666666667]
[41.54545454545455, 0, 41.54545454545455]
