[1.441386763202389, 0.723083483829268, 1.430102337200855]
[-1.2336876459050572, 0.4048882230108379, -1.195263202130803]
[0.07234569692000058, 0.016076437715578974, 0.021739130434782608]
[1.009862922689905, 1.1701781239278155, 0.5268398868118909]
[0.7436991609238609, 0.4354005830797049, 0.44593147556215107]
[0.947644024607751, 0.0018758887032931646, 0.9612112618375992]
[0.9569912901376395, 0.0009096300558069413, 0.965331173413522]
[1.2107677853049268, 1.5620057729056054, 0.46794571829666504]
[0.19608333333333347, 0.23069204166666696, 0.0]
[-55.7870751074602, 726.0775713116695, -57.077730586084336]
[0.45361648444070624, 3.6076669504351, 0.18200000000000216]
[0.054594023128327014, 0.04498933964189953, 0.0]
[112.15822072072073, 156.1907423682137, 109.4375]
[41.54545454545455, 0, 41.54545454545455]
