[1.627568933697893, 1.0647779363612717, 1.5047550258817834]
[-1.0646900423039032, 0.6050820154048756, -1.0561892691170427]
[0.11553128679708553, 0.04113764907468755, 0.04449152542372881]
[1.2560091820048696, 3.878590973466102, 0.5642960986604965]
[0.9895500244513638, 0.8205466410670939, 0.656962633846622]
[0.9559705985488142, 0.0017559544305342082, 0.968105004744889]
[0.9541025125197792, 0.002240488052306979, 0.9714983715829039]
[0.7827627627420047, 1.0366705537058516, 0.23430178069353166]
[0.5371046807043098, 6.426614440880864, 0.0]
[-56.19649773573174, 945.5859578943727, -58.74320860213686]
[0.5985417503586801, 13.97452461227763, 0.1959999999999127]
[0.03786143116171078, 0.026752597995988947, 0.0]
[110.52889670052443, 110.52915940242309, 106.47500122183664]
[45.0, 0, 45.0]
