[2.0753174137298047, 2.101103405984835, 1.4430014430014506]
[-0.9300463364964441, 0.2811021550739403, -0.8251249100784841]
[0.08602185534914106, 0.015724432781214562, 0.050295662150831824]
[0.7733110119125827, 0.8805309545878526, 0.4074300858972638]
[1.1066084476454485, 1.0255341273105891, 0.8983536006241757]
[0.9415127089085026, 0.002608908268667036, 0.9630130751941939]
[0.9589554278181394, 0.0015136516113988961, 0.9707684619255752]
[0.7372925597912119, 0.8566228519935978, 0.34638032559750603]
[0, 0, 0]
[-52.452129922957745, 816.65330551878, -51.32474018691627]
[0.5445420743639928, 5.23864273891255, 0.19500000000005002]
[0.015537216858385834, 0.010380419631293887, 0.0]
[107.6019184652278, 0, 107.6019184652278]
[49.166666666666664, 0, 49.166666666666664]
