[1.9915483516477626, 2.1510010889167286, 2.037489812550931]
[-1.089789270938393, 0.07279146470031765, -0.9384384384384404]
[0.07763794040905247, 0.005439847142124452, 0.04834529436895345]
[0.8613378747858011, 0.6244626505682437, 0.496623944146659]
[1.0718179201252684, 0.3108348154129167, 1.055434961217128]
[0.9404190241010802, 0.0022207920841116227, 0.9506991457429615]
[0.9476394431199708, 0.002447492147515791, 0.969028285066762]
[0.3370891084730241, 0.16221535764332898, 0.15868976332301865]
None
[-46.724334777534196, 752.8924499368889, -46.64125526315876]
[0.715321428571428, 6.811656579393632, 0.21999999999999886]
None
None
None
