[1.5878429802172427, 0.6014757901319115, 1.6835016835017382]
[-0.8985887515410079, 0.23859164295472698, -0.902242071547809]
[0.07592121795318009, 0.009378756008340884, 0.05083449423524119]
[1.0617348480122557, 1.0143237917366625, 0.682132183597663]
[1.4175445227647292, 2.3259646492078145, 1.1250072020889732]
[0.9608409723668635, 0.002061639396830513, 0.9737692275218928]
[0.9518087741774963, 0.006630797341219221, 0.977051864275589]
[0.8262482560284289, 1.0566848667453788, 0.3182860526413841]
[0.5221524649604119, 2.1103309359232596, 0.0]
[-41.269122483077815, 610.6639242492402, -42.0048964079435]
[1.4405742358078601, 51.478870043711154, 0.22199999999998]
[0.0017459718526168161, 0.00014632405008624947, 0.0]
[1.0166666666666666, 0.0, 1.0166666666666666]
[0.6480084292633823, 0.04893741281923014, 0.66]
