[2.898968478578598, 1.762214739485056, 2.940993402215865]
None
[0.01736044633447607, 0.00029304500675926673, 0.009057971014492754]
[0.7013744756108946, 0.342260500164914, 0.6416107025999207]
[0.5457174837134995, 0.09629095675467282, 0.4195687743846751]
[0.941712254315897, 0.0014533084315965627, 0.9434443894085064]
[0.960403481008861, 0.00012394213697865207, 0.9617392191801513]
[0.9433986832296363, 1.3848638493963872, 0.34002040122407395]
None
[-30.2762162717602, 394.94678597325895, -26.51019189672652]
[0.7566060606060607, 5.579553371212122, 0.1909999999999883]
[0.0, 0.0, 0.0]
None
[0.4756521739130438, 0.02629178743961353, 0.52]
