[1.4257533229434178, 1.216735506626513, 1.1081560283688638]
[-0.8366494362942382, 0.32313675096403444, -0.7564366261166344]
[0.08987754129953028, 0.01956987518182644, 0.03875888125792358]
[0.8054956061121181, 0.526260278665643, 0.4753544500659428]
[0.8815408356633975, 0.41496035869215514, 0.587512763107588]
[0.9549646956809609, 0.0016160050031943187, 0.9680802620179128]
[0.9475446041262962, 0.002419852063045727, 0.9600105295810442]
[0.6641602404158837, 0.821990457334024, 0.2295723019370032]
None
[-50.939921752069814, 731.7147072798706, -53.544670680617614]
[0.7301578192252514, 18.81679702965501, 0.19100000000003092]
[0.0, 0.0, 0.0]
None
[0.6543443754313326, 0.048609327914790855, 0.7333333333333333]
