[2.1079951971908915, 1.5787239997871387, 1.766522638470542]
[-1.1165545032301654, 0.45387756723020334, -1.0733394879736333]
[0.10266693911253438, 0.025423221158308952, 0.05096768729089908]
[0.8669124241713843, 0.73827110844723, 0.49730496956876297]
[0.8780353175304038, 0.7720407469263256, 0.4907170597588916]
[0.9466159475345111, 0.0022216404386750975, 0.959015289848108]
[0.9490891496199725, 0.001958624304624725, 0.9605395036898449]
[0.8771904238986064, 1.0228079236351297, 0.3351666178314703]
[0.40021403112720244, 5.205570822783841, 0.0]
[-51.08536826033072, 750.5227448676335, -53.32177941180223]
[0.5916293413173647, 15.90665051621467, 0.1850000000000307]
[0.0194891006540011, 0.013691817533392976, 0.0]
[107.97568523430594, 34.552171501476295, 106.46551724137937]
[37.81818181818182, 0, 37.81818181818182]
