[2.076357596436063, 1.595433586209966, 1.7675390766993828]
[-1.2526711175338383, 0.5496061454683466, -1.2702560473261248]
[0.15161602747018696, 0.09430893649583029, 0.049958454507685914]
[0.7185734747553163, 0.45264769112378267, 0.4825468971127682]
[0.6432462232799081, 0.3541481473334543, 0.41502842516725336]
[0.9415628499540659, 0.0025569449181334332, 0.9543961867031292]
[0.9481307736278455, 0.0028121994006888606, 0.9612558541856839]
[0.9167897867137214, 1.1087451090749456, 0.4350953860778541]
[0.10695454545454552, 0.1258320227272729, 0.0]
[-55.29057421928028, 766.5171576623007, -56.368815739006386]
[0.4352267845862282, 3.582462194427517, 0.18100000000004002]
[0.04252555334857825, 0.03743567558822122, 0.0]
[120.8425925925926, 513.1931069958848, 115.0]
[30.0, 0, 30.0]
