[1.5412625036749985, 0.36687831661758186, 1.268753766612729]
[-1.0560422012061832, 0.24992295192611774, -0.9285734647186892]
[0.04808811034764628, 0.004153788531310935, 0.03502388388035786]
[1.502717803577641, 1.1630414649013765, 1.3661444330927535]
[1.7867252728484078, 1.9943214097284965, 1.4366479415608624]
[0.9741093457502822, 0.0009374526174334368, 0.9863008320615264]
[0.976539095954552, 0.0004905844143714796, 0.9843618445914397]
[0.7784502641850516, 0.770433276168071, 0.31793376910458304]
[0.6920423529411766, 2.220873908819118, 0.0]
[-18.224938210621467, 141.6230559929709, -17.7878530935278]
[0.5552147286821706, 20.740287228487322, 0.13900000000001]
[0.0, 0.0, 0.0]
[0, 0, 0]
[44.0, 0, 44.0]
