[1.1697130251144479, 0.340696005225859, 1.0395198322305454]
[-1.0616990728037752, 0.25298241591976317, -1.0694979193404224]
[0.05547659844761374, 0.007545120178612859, 0.03309692671394799]
[1.8365929282168405, 2.666326932651567, 1.3565252691518048]
[1.7748313281566295, 1.988228330964114, 1.3515234149631952]
[0.970243021722311, 0.0005747926552237928, 0.9792883221032458]
[0.9757377528488466, 0.0004286947008735308, 0.9821350844952484]
[0.6374449744226309, 0.8392016421624519, 0.1837222120154332]
[0.37151631578947375, 0.5232716505428163, 0.0]
[-15.44039096897444, 111.92625041417003, -14.101305734262382]
[0.33504952830188667, 7.470129591726084, 0.13900000000001]
[0.013082154597177846, 0.0077014246007007636, 0.0]
[107.12962962962963, 0, 107.12962962962963]
[75.80246913580244, 0, 75.80246913580244]
