[1.0544771852489652, 0.24468327791259273, 1.0194416257254884]
[-0.9099695116275618, 0.4023085312003393, -1.012171360611347]
[0.08434696708580404, 0.024124473809034732, 0.030571718851020592]
[1.7513449043410834, 2.0557735594039004, 1.2330026888249552]
[1.3580664216245393, 0.8364321690039692, 1.1959504968542392]
[0.9752143756507933, 0.0013741397687529447, 0.9878590530017222]
[0.9789633093477206, 0.000485836225226323, 0.9870761648168478]
[0.6756184092539654, 0.6914848573739377, 0.3146633102580242]
[0.33566458089342954, 0.5753977475065163, 0.0]
[-16.36679544070133, 164.40911345685205, -14.453897142857926]
[0.38353232242617724, 8.786807327428864, 0.13900000000001]
[0.054399712980641605, 0.030697797307518003, 0.0]
[103.70990517227588, 5.19858355382741, 102.87664783427496]
[23.77777777777778, 0, 23.77777777777778]
