[0.8760219703322174, 0.14245178473221387, 0.951044555207539]
[-0.9243216859509625, 0.25339081966516147, -1.0207727249527971]
[0.04581926221452915, 0.0029831272587218165, 0.025272045028142585]
[1.8062514147818955, 0.9611952719340345, 1.5738529348245887]
[1.825798980193779, 2.761884254214036, 1.5602378933142043]
[0.9764867217192652, 0.0009037302274711109, 0.9879543911265382]
[0.9796881072785568, 0.0003200288665275368, 0.9844155390212377]
[0.5097688642615373, 0.7057278629665883, 0.15616952910918136]
[0.6454538818083939, 1.1730033492011875, 0.0]
[-3.9591216351267224, 7.417804027608984, -3.790899999999999]
[2.896586510263928, 278.84377233146455, 0.4089999999999918]
