1) [0.8760219703322174, 0.14245178473221387, 0.951044555207539]
2) [-0.9539079209444595, 0.24157271701346167, -1.049665493354525]
3) [0.31805844391324883, 0.5624824403246323, 0.04444444444444444]
4) [0.009997819317277187, 0.00428072449139621, 1.1386473247804445e-05]
5) [1.7132256308286766, 155.91666536861212, 6.584471857389624e-06]
6) [0.018045224833093454, 0.02114927716414154, 6.605094057426354e-06]
7) [-670.5938917617821, 213210.7285263039, -563.3514865992895]
8) [0.02850458816552473, 0.05399323217170163, 0.0]
9) [-2.175468387354599, 10.399114549083462, 0.0]
10) [0.7860823529411759, 6.584034602484523, 0.4070000000000249]
11) [0.9770428449014572, 14.802847037613859, 0.4079999999999018]
12) [0.40342597983056355, 0.4496905191380364, 0.15616952910918136]
13) [0.0, 0.0, 0.0]
14) None
15) None
