[0.9613844903920398, 0.15709435365204125, 0.9832241615471153]
[-0.8831151678308973, 0.21438974000412597, -0.8840498790247535]
[0.032535510304004804, 0.002731597806692422, 0.018867924528301886]
[2.309639090653197, 2.3144243017688213, 1.9274741979489391]
[2.20260250483957, 5.233867594094184, 1.4407822235369374]
[0.9687872895195037, 0.0021425003611957876, 0.9788389357069912]
[0.9753062340007806, 0.0007311356396710265, 0.986161092895887]
[0.601238193820394, 0.9428038864776165, 0.10611205432937207]
[1.425847801418444, 0, 1.425847801418444]
[-4.148640779302275, 4.405181057624305, -4.008697283951203]
[2.0300264317180616, 127.76328279575849, 0.4089999999999918]
