[1.7807205830222916, 0.9842832355397657, 1.560565778222365]
[-1.295107618191122, 0.6665125477062275, -1.151186621447994]
[0.038037029191899045, 0.00462100369215998, 0.009708737864077669]
[1.2135852618532204, 0.9621038305537124, 0.9441955001677267]
[1.4881065879509017, 1.06080144327705, 1.19756793570987]
[0.9830490185552432, 0.000433153090131221, 0.9877798833763207]
[0.978197884522562, 0.0005709601754113972, 0.9860371098758088]
[0.7071540019555896, 0.9500487983527172, 0.187828700225394]
[4.072543592325981, 44.71661221026747, 0.0]
[-18.123756757105436, 131.2586223512147, -18.172133415223644]
[2.1732568807339443, 81.61424260651926, 0.4670000000000414]
