[1.9168031582574079, 0.5217412262185182, 1.7605633802817409]
[-1.3218652742136352, 0.22444200612328863, -1.284733554811139]
[0.05301336229787836, 0.009772873824029983, 0.010411338448422847]
[1.0728921227999237, 0.5982671468329559, 0.8581530214008523]
[1.1946587182074537, 0.6336809519513762, 0.9775622360374964]
[0.9812566170044503, 0.0007024695474051149, 0.9911933665734083]
[0.9790987402008139, 0.0006761597214817006, 0.9868802206040777]
[0.8428513753252289, 1.120386395790314, 0.18941786711428182]
[2.6387677789114403, 16.954275814900736, 0.0]
[-18.712497862057575, 110.77485991741321, -18.80290861243972]
[2.5422043795620457, 107.49036833170226, 0.4970000000000141]
