[1.6932959933429201, 0.4248822456129718, 1.7468150609696087]
[-1.567217061443775, 0.5666149523480496, -1.5724560395985057]
[0.07722335286352845, 0.007993056059531529, 0.05406441717791411]
[1.2228262556012492, 0.9060369296255678, 1.0023202129112645]
[1.0664444179758972, 0.7814529921539459, 0.8108207539626305]
[0.9815300453314956, 0.000664228460414151, 0.98765369980494]
[0.9799260505847729, 0.0006683166900606271, 0.9899484659689368]
[0.49952659428465374, 0.37790889806275624, 0.293772032902468]
[0.3546700788358852, 0.42431868930013994, 0.0]
[-19.74386092968597, 348.7442661594454, -14.934350606368412]
[0.5474207089552237, 24.343051964778578, 0.13900000000001]
[0.08316485308054268, 0.057820149667348754, 0.0]
[1.0956177156177174, 0.034540182390708704, 1.05]
[0.7281229454306475, 0.03836798180729341, 0.75]
