[1.6510254648102312, 0.4720367558996236, 1.719986240110077]
[-2.0268621361377486, 0.5699097713838114, -1.8193799879774675]
[0.08140391947129856, 0.021388219347738147, 0.030356004064613334]
[1.0854135169148478, 0.7002926600761734, 0.9102740125523678]
[0.9512020156225409, 1.0183315754219522, 0.8735916732767588]
[0.9744097998252417, 0.0008906167696510824, 0.9873388994910216]
[0.9735570569889389, 0.0010125538097789885, 0.9869191849277154]
[0.5719679370926452, 0.47797511653228153, 0.33451105838739387]
[0.5544244827586209, 0.895435030068473, 0.0]
[-14.603346495490632, 138.42921275138116, -12.145550935251503]
[0.33201159114857726, 5.668797817376054, 0.13900000000001]
[0.041480381931331065, 0.03201301717497705, 0.0]
[104.6235473356009, 5.1628198936267085, 105.91145833333331]
[44.666666666666664, 0, 44.666666666666664]
