[1.347146941201152, 0.4338992737550319, 1.3702185089550203]
[-1.266080157505749, 0.7734876975969629, -1.2446141542641636]
[0.04065325663455906, 0.0013555625162260162, 0.03162055335968379]
[1.2953882665227052, 1.294348043023904, 0.9560520982029561]
[1.3864201082326046, 1.2854679405382554, 1.1168374408209556]
[0.9679236826027725, 0.0032841584135544746, 0.981676818632793]
[0.9715021221201225, 0.0032017090959233574, 0.9900105467929963]
[0.7633097205659488, 0.5741904599113571, 0.4016064257028098]
[0.6715984724408296, 1.2292007084659136, 0.19607500000000044]
[-21.46349573691184, 337.00144381728944, -17.003573093524267]
[0.4687248120300752, 8.979521100362344, 0.13900000000001]
[0.0564613449046139, 0.046921548996566545, 0.0]
[1.0756701030927842, 0.0009102233676975962, 1.06]
[0.6870940170940174, 0.03084253277214002, 0.7]
