[0.937632550463788, 0.4037288830901772, 0.8739962536469948]
[-1.7638132078146347, 0.7893991687485267, -1.392625141001799]
[0.08498996653916839, 0.016376861522972214, 0.025670428712253807]
[1.432225195266234, 1.3931797049430221, 0.7725611021823088]
[1.0190200896376136, 0.6335398527469693, 0.673961934019482]
[0.9830011390475204, 0.00023700757294763998, 0.9903195530152965]
[0.9811209850452441, 0.0005996788128452462, 0.9837775602303394]
[0.600793140973283, 0.6917859300416666, 0.1945525291828799]
[0.5867839259259198, 1.4103742394343155, 0.0]
[-17.295389955369764, 143.03044565072008, -16.07210325086433]
[0.2567048611111111, 2.3559888876218746, 0.1389999999999958]
[0.060112016293278996, 0.048436328626754746, 0.0]
[105.99761904761903, 1.1537528344671524, 105.99761904761903]
[25.166666666666668, 0, 25.166666666666668]
