[2.286288473164858, 1.849667450753842, 2.620554110921837]
[-1.1060152680245792, 0.24664422763248814, -1.2393877424552229]
[0.0724600112398222, 0.006067993869347092, 0.05649054309448115]
[0.5263985783480738, 0.3072189084383584, 0.31451365495477823]
[0.619688487165623, 0.42720044416282876, 0.33420962821202355]
[0.920592433859347, 0.009820622258921257, 0.9482924959224672]
[0.9391178327473192, 0.002391438635814584, 0.944219350491175]
[0.8956638950133237, 0.9497779028520091, 0.385944731965953]
[2.1899196770662983, 15.111503557092032, 0.0]
[-46.26591541876085, 812.5734235239911, -44.796357692308135]
[0.5959268292682924, 3.664444795852914, 0.1860000000000035]
[0.045454545454545456, 0.04545454545454546, 0.0]
[111.11111111111113, 0, 111.11111111111113]
[72.23809523809528, 0, 72.23809523809528]
