[1.8563378287175183, 1.040912936103525, 1.6831373680540598]
[-1.1845563758134476, 0.3597578521649149, -1.1316872427983349]
[0.1032160407937148, 0.01804263960504575, 0.04366402116402116]
[0.7381424124344089, 0.39063061951856015, 0.5865221590840672]
[0.8079420926026896, 0.347735298802157, 0.6737350274299705]
[0.9475947209486755, 0.002962924730708033, 0.9575308916886831]
[0.9596222907990389, 0.0012238952662021012, 0.9694050988153979]
[0.5062200606047254, 0.5564834436049784, 0.1846751757799612]
[1.3020219014812953, 5.966040901336993, 0.0]
[-47.31460204019508, 723.4995555122778, -46.644396226418124]
[1.0858251273344657, 40.99261432480976, 0.20800000000008367]
[0.02326730572178663, 0.021113333106492313, 0.0]
[110.64516129032258, 0, 110.64516129032258]
[79.79166666666666, 0, 79.79166666666666]
