[2.191769618138562, 0.6495234738300716, 1.907486886027687]
[-1.4214211467673992, 0.3051499542081863, -1.4318442153493705]
[0.06424719813006836, 0.005288992496082584, 0.0385250569476082]
[0.7103485716405242, 0.34289535717989883, 0.5087281916852552]
[0.8056683252397957, 0.4774235623834128, 0.5077916264541483]
[0.9445297670686722, 0.002283549579569701, 0.9659498617280241]
[0.9599239204374616, 0.0008417118654603578, 0.9659615291677294]
[0.6675636917351703, 0.7701904286029303, 0.21743857360295765]
[0.7843187499999995, 6.541101217624997, 0.0]
[-45.84379762999111, 774.4056656451994, -48.10666477720746]
[0.4298712011577423, 2.1640687819375417, 0.19400000000001683]
None
None
None
