[1.4412710764844865, 0.1156344700756371, 1.3837000138369988]
[-1.243924378360603, 0.10188711284026906, -1.3683634373289586]
[0.03930439207013716, 0.0017401847964935175, 0.032398347466840616]
[0.9262470316126724, 0.2652455823191469, 0.8772085443901839]
[0.9346676186263613, 0.3957816244245117, 0.8670734016535913]
[0.9409861057243886, 0.0030259972807983202, 0.9700256948802798]
[0.9471998381854553, 0.0033222397031093527, 0.9701202540051961]
[1.0216990268593078, 0.8078693068578913, 0.80840743734842]
[0, 0, 0]
[-68.58190427961244, 1383.9140836521858, -72.24945882353208]
[0.6066767676767677, 6.015766435708433, 0.13500000000001933]
[0.006987349220359065, 0.0011717531790540582, 0.0]
[102.0, 0, 102.0]
[26.666666666666668, 0, 26.666666666666668]
