[1.173333230816548, 0.33915939484701924, 1.188139194261866]
[-0.6445940059900044, 0.07626374020554051, -0.5601864300439195]
[0.03914334524739652, 0.003053753120725047, 0.017241379310344827]
[1.0891144111827147, 0.671924026391016, 0.786645340159428]
[1.5681062617220443, 0.6340620241215563, 1.7608343877854185]
[0.9702103965620135, 0.0009133073878650092, 0.9833504252249623]
[0.9741648827029624, 0.00031746910849236913, 0.9758443822221925]
[1.1513983560347505, 1.288682544546385, 0.7681801152270217]
[0, 0, 0]
[-42.274067576363166, 499.8941972368106, -43.17507303868297]
[1.3100844155844156, 48.44040526733726, 0.21099999999999852]
[0.0, 0.0, 0.0]
[0, 0, 0]
[65.70588235294117, 0, 65.70588235294117]
