[1.2492912176202482, 0.3089436843834487, 1.2612306680311074]
[-0.8681489022475821, 0.23786054936346995, -0.6681011001040623]
[0.036683448937276306, 0.00251710277798727, 0.017241379310344827]
[1.273410974473715, 1.4265560217679243, 0.8633791174736818]
[1.489523652586293, 0.9820847658527747, 1.2047894574781268]
[0.9674859938557557, 0.0015904327268418277, 0.9770183428140977]
[0.9726265692120832, 0.00024493409137720364, 0.9738516897687459]
[1.0675040060904375, 1.1714856790012893, 0.5170630816959751]
[0.6366555555555768, 2.9843050261279984, 0.0]
[-42.53278000085605, 615.3448109344631, -44.28331262135475]
[1.4994693446088794, 62.86193561399469, 0.2179999999999609]
[0.002974886117640853, 0.00021239873791037444, 0.0]
[101.66666666666664, 0, 101.66666666666664]
[65.70588235294117, 0, 65.70588235294117]
