[1.3460252334435265, 0.2419992386984033, 1.3448748043818475]
[-0.8944666351673765, 0.2075318840821275, -0.9521080481871432]
[0.05005852552697869, 0.0067574957088850605, 0.02142857142857143]
[0.9585731674007882, 0.18955216589731255, 0.813142091839771]
[0.9039483452027683, 0.2907537297228298, 0.8588680332068395]
[0.9665549222007355, 0.0016148303589737455, 0.9707416301646005]
[0.969081647083555, 0.0008140413544148072, 0.9752558492593609]
[0.6411486555404189, 0.8211136501522781, 0.23584905660377348]
[0.21786666666666615, 0.42719295999999796, 0.0]
[-40.19050859914201, 564.6937246196686, -39.68901993804696]
[1.1081942857142855, 14.168774065484396, 0.19999999999998863]
[0.0, 0.0, 0.0]
[0, 0, 0]
[77.08333333333334, 0, 77.08333333333334]
