[1.1216706893381252, 0.5192803960053934, 1.1194968326943484]
[-1.3579798746047114, 0.6806446804601559, -1.131230959720312]
[0.03993626727825525, 0.0021451138256010495, 0.02914910855059645]
[1.21573911735377, 0.9607117327317578, 0.8119574951796535]
[0.9733877873090493, 0.2651567680903583, 1.0908101612649703]
[0.9704183172441672, 0.0004785958930814475, 0.9748325858079967]
[0.9613292785055396, 0.002623014151145115, 0.9782077934743498]
[0.6745595859937279, 1.1562399881623504, 0.06718624025799536]
[0, 0, 0]
[-89.14077881728241, 1371.368451145902, -100.50851481481041]
[0.5676748251748255, 18.7936310342412, 0.13500000000001933]
[0.0, 0.0, 0.0]
[0, 0, 0]
[34.0, 0, 34.0]
