[1.8369373373988231, 0.5897038145222416, 1.9102526620381706]
[-1.5662727630628925, 1.4148997492776416, -1.2553035382016786]
[0.045604625169551445, 0.005791240441075777, 0.013440860215053764]
[1.0727366850940603, 0.6606535313061954, 0.7673581882970129]
[0.8794128914202793, 0.20617013652853045, 0.8476732426002725]
[0.9713799063442718, 0.0003667209830191662, 0.974678964796318]
[0.9706912883189728, 0.0008842079703253853, 0.9768945010456817]
[1.022583186718419, 1.2935550078999194, 0.2427184466019482]
[0, 0, 0]
[-89.13982353437775, 1595.3454205127607, -93.65100229019302]
[0.5393458461538462, 11.488490714060621, 0.13500000000004775]
[0.07644519809564104, 0.06298009706253564, 0.0]
[116.20804939629983, 178.99782766624438, 113.04990221244344]
[34.0, 0, 34.0]
