[1.0902738868919262, 0.39971224484482604, 0.9721007096335174]
[-1.1824560421363186, 0.33031387773288456, -0.9796238244514026]
[0.04344745708385714, 0.004899801139288232, 0.024193548387096774]
[1.2889207810298107, 0.3710361596076877, 1.080776150283588]
[1.10535604132085, 0.6208502090143824, 0.9516490729125271]
[0.9461651269338079, 0.0032247812856630023, 0.9761627262859298]
[0.953831137731401, 0.0017874199518591748, 0.9677689609876948]
[1.1453398156180001, 1.7311900806831988, 0.18155410312273026]
[0, 0, 0]
[-45.01767911585691, 416.2002843503222, -48.50386966292224]
[0.5282403433476396, 2.9333638730205713, 0.19700000000000273]
[0.050470465900733195, 0.02292541135413365, 0.0]
[103.33333333333334, 0, 103.33333333333334]
[44.80392156862746, 0, 44.80392156862746]
