[1.4028512852147341, 0.5002283519924373, 1.3674399949611673]
[-0.8799748828849262, 0.2806140272841458, -0.8333477013971469]
[0.06992165817078577, 0.01911008479742855, 0.02052970288372418]
[1.4468448486033538, 4.600745871687712, 0.89625355269315]
[1.3632139275229738, 1.286202813536287, 0.8896808805001913]
[0.9588271879433279, 0.0014493501908996633, 0.9692614869257982]
[0.9642287189940306, 0.0012018575498884364, 0.9746039764298537]
[0.96048156266984, 1.2633359900081202, 0.3273749802681556]
[0.43730807610613087, 5.548727621104051, 0.0]
[-54.20845565324671, 915.3442015458011, -56.6173593023306]
[0.6493571937321937, 14.182594662890883, 0.19600000000002638]
[0.0782016023801156, 0.062098020879358264, 0.0]
[111.34760365761295, 99.21955557902827, 108.66242038216556]
[44.80392156862746, 0, 44.80392156862746]
