[1.1832893795195758, 0.3793327656174578, 1.2998492174907708]
[-0.9433495764738351, 0.25544869921679475, -0.8225770833679049]
[0.056255264554065286, 0.010639212073165105, 0.01934385639121015]
[2.0442784835075445, 10.791212901768386, 1.2807865903221014]
[1.627454744900862, 1.8510911392275615, 1.1343996474131894]
[0.9630854316786067, 0.0018565958145411068, 0.9787063246657521]
[0.9665330829939924, 0.0008668926013117629, 0.9744725351163401]
[0.8929937565404193, 1.3263524794873225, 0.1354829968838916]
[0.5258477272727272, 5.5216300537156435, 0.0]
[-55.15088025759035, 884.683755497198, -56.793649450554]
[0.5774937759336096, 15.050499094022712, 0.1939999999999884]
[0.15782223344406413, 0.12285715373703923, 0.0]
[112.48489387383707, 141.28212084679143, 108.66242038216556]
[44.80392156862746, 0, 44.80392156862746]
