[1.4028512852147341, 0.5002283519924373, 1.3674399949611673]
[-0.8693969493419937, 0.2886966419761851, -0.8225770833679049]
[0.06992165817078577, 0.01911008479742855, 0.02052970288372418]
[1.4486053455935215, 4.635450709009776, 0.8533617606733915]
[1.3621571408708508, 1.3018935065333277, 0.8896808805001913]
[0.9587616103139539, 0.0014598376101460182, 0.9692630358319783]
[0.9639223703824215, 0.0012181288002980305, 0.9746039764298537]
[0.96048156266984, 1.2633359900081202, 0.3273749802681556]
[0.43730807610613087, 5.548727621104051, 0.0]
[-54.20845565324671, 915.3442015458011, -56.6173593023306]
[0.6493571937321937, 14.182594662890883, 0.19600000000002638]
[0.0782016023801156, 0.062098020879358264, 0.0]
[111.34760365761295, 99.21955557902827, 108.66242038216556]
[44.80392156862746, 0, 44.80392156862746]
