[1.1751409975068976, 0.1873703685005917, 1.3419732409906318]
[-1.259451385695985, 0.12456185652285989, -1.098231846726768]
[0.028764402640904227, 0.002048903506386773, 0.012643451553341019]
[1.6352967540055234, 0.9828437432647276, 1.5880489428178068]
[1.7821851847483807, 0.7961012939280888, 1.6777177734650994]
[0.9845011946599365, 0.00016690653412003954, 0.9898878525081646]
[0.9853586066368492, 0.00019252387573286172, 0.9916140718444663]
[0.2556045795736362, 0.047748310223229395, 0.2283322737868198]
[1.362073709923664, 1.884385270910803, 1.3202485496183192]
[-18.055778539538007, 242.5301875905768, -13.59458285714224]
[0.718571875, 23.336965524598337, 0.13900000000001]
[0.0, 0.0, 0.0]
[0, 0, 0]
[54.55555555555556, 0, 54.55555555555556]
