[1.288532427227383, 0.15192277944033056, 1.3419732409906318]
[-1.209836448238565, 0.1888532715837684, -1.2117551698097362]
[0.03313046187435565, 0.0018174371432151304, 0.015053387012077719]
[1.8318035670065003, 1.2624524753698056, 1.5880489428178068]
[2.1867773631225575, 0.8293590419668165, 2.3489552210852196]
[0.9781514096797711, 0.0007270562888494875, 0.9893076358989074]
[0.985412273766669, 0.00011898344018436676, 0.9902447952489019]
[0.2251145586550209, 0.038023097282966184, 0.17860332202178994]
[0.849342586002957, 1.3337600765909172, 0.3921500000000009]
[-15.903300387410361, 175.7903202031216, -12.044791428572792]
[0.7773068862275448, 32.60035140642928, 0.13900000000001]
[0.09899364477944814, 0.07772402964483309, 0.0]
[107.9409005628518, 19.66927441752406, 107.9409005628518]
[54.55555555555556, 0, 54.55555555555556]
