[1.0608434521477998, 0, 1.0608434521477998]
[0, 0, 0]
[0.049197325874100396, 0.002981075125848597, 0.02939790267467892]
[2.0789511438271027, 0.9268196303306215, 1.8179331011139228]
[2.299849535539402, 1.9292542717487042, 1.8824913908651473]
[0.9815512217788644, 0.00026409204060401213, 0.9862477187118057]
[0.9828520208154892, 7.519055337709488e-05, 0.9820577687023753]
[0.7384043755084779, 0.9298452140975008, 0.2133944943038985]
[1.045753333333333, 3.280800102533332, 0.0]
[-16.13233097456444, 79.48072767823432, -15.804656717557217]
[0.25453012048192764, 1.6429913535408613, 0.13899999999998158]
[0.047260911814721786, 0.02680312542670691, 0.0]
[106.58585858585859, 0, 106.58585858585859]
[73.37301587301593, 0, 73.37301587301593]
