[1.3895926005894657, 0.2170036751252681, 1.282897148302911]
[-1.291571541940752, 0.02261624584871055, -1.3623235790965154]
[0.024786786460400258, 0.0015050663580785575, 0.011764705882352941]
[1.0513544166134272, 0.5317248430333097, 0.9285262241191252]
[1.179185406142199, 0.8474085346452795, 0.9230513001036684]
[0.9528107728240656, 0.0025641295810508854, 0.9750532386681448]
[0.9549740689099998, 0.0007603986475250967, 0.9532796567200488]
[1.0789450746479312, 1.1110167811607838, 0.6013229104028875]
[0, 0, 0]
[-72.06837167061933, 1186.9567965695255, -75.38122592591345]
[0.7186270270270269, 26.312603659048175, 0.13500000000000512]
[0.0, 0.0, 0.0]
[0, 0, 0]
[42.666666666666664, 0, 42.666666666666664]
