[1.82801049851816, 0.5300085861119632, 1.7455933757935038]
[-1.1681930227905617, 0.18540744347998203, -1.1401827424452842]
[0.049241606238927, 0.013418137185360824, 0.014288630332720964]
[1.0124823467090613, 0.6845370984332876, 0.7552762516957673]
[1.1047422926003245, 0.7456922318239643, 0.7647761360307009]
[0.9602430539137667, 0.001388553686137118, 0.9694378455591668]
[0.9647556074192255, 0.0011322779710794557, 0.9744664761632376]
[1.0231981844594895, 1.1557553126386109, 0.4816265222320541]
[0.4066571759259139, 1.384701570823857, 0.0]
[-78.54546660652684, 1502.5085291621192, -82.9195407407472]
[0.5202726877985238, 12.865898976868833, 0.13500000000000512]
[0.01557341365127251, 0.00870323320190234, 0.0]
[103.0827618184955, 0.5829104967629127, 103.33581349206347]
[42.666666666666664, 0, 42.666666666666664]
