[1.4017553766782815, 0.04648956752681471, 1.307992402270219]
[-1.8077352789076278, 0.19881736766182387, -1.8051986202213925]
[0.03029980814842277, 0.0011074135071927806, 0.02399359743897559]
[1.543230694593176, 0.7245036274921154, 1.4627351983205847]
[1.2452357437694697, 0.3872950572497636, 1.0018365444591004]
[0.9873698330962905, 0.0002171615018825934, 0.9920379182849014]
[0.9790726768738879, 0.0002717132599775039, 0.9840968398777559]
[0.3314367653516016, 0.09328236240348205, 0.19880715705765403]
[0.7062578297361958, 1.9434484542889943, 0.15801848920858697]
[-15.512013349510914, 137.9308631813082, -12.145550935253667]
[0.4685494736842106, 12.988878872547186, 0.13899999999999935]
[0.06666666666666667, 0.06666666666666667, 0.0]
[106.17777777777778, 0, 106.17777777777778]
[70.88888888888889, 0, 70.88888888888889]
