[0.9151001686348472, 0.14134207352602962, 1.048210496463483]
[-0.5772851366693164, 0.2166091815731497, -0.47058559722922577]
[0.01122255852504602, 0.00015256902252253285, 0.00475698566979029]
[2.0644064200599987, 1.2370090875489979, 2.5824358364451103]
[3.9735081599435005, 26.641173530308468, 2.153220115741275]
[0.9716850443327568, 0.0009755170827735535, 0.9860881677510211]
[0.9625996341419977, 0.005031029970839047, 0.9819383177299951]
[0.5422349227941535, 0.1117347756589423, 0.5969379425111246]
[0, 0, 0]
[-16.370085587079604, 40.848018901223675, -18.209596488549586]
[1.4012033898305076, 35.071733682057264, 0.13899999999998158]
[0.0, 0.0, 0.0]
[0, 0, 0]
[67.88888888888889, 0, 67.88888888888889]
