[1.02991521935699, 0.0778032309298499, 1.1036140627586954]
[-0.6107188539321785, 0.1728175167141715, -0.4837663694582222]
[0.017391452288136412, 0.00022300329808687676, 0.012232415902140673]
[2.184139208378563, 1.270719960647015, 2.204286841021301]
[4.9958423322445915, 37.124182893974776, 2.752494121417433]
[0.9754329869885963, 0.0006588245934581522, 0.9860881677510211]
[0.9454294698822316, 0.01111695076291552, 0.9806012274587883]
[0.677570487654894, 0.3424756829565819, 0.5910165484633544]
[0, 0, 0]
[-14.887679425798765, 64.82952762739781, -16.392896717557214]
[0.736411764705882, 15.339533072755414, 0.13900000000001]
[0.0, 0.0, 0.0]
[0, 0, 0]
[67.88888888888889, 0, 67.88888888888889]
