[1.040777442529024, 0.061344497979780206, 1.1036140627586954]
[-0.5858034818407899, 0.1568023090229712, -0.4696239558055104]
[0.022502350765404067, 0.0003763197776821381, 0.016294511485478867]
[2.1452377546123444, 1.1648847296239035, 2.240402131386597]
[4.409081818156104, 25.943115890728823, 2.798888548279524]
[0.9701755107976039, 0.001249949989864763, 0.9843698073795044]
[0.9566439725601998, 0.007409920788113252, 0.9805342366578917]
[0.5698726633339006, 0.40586440959340264, 0.36085853804310886]
[0.5490200000000002, 0.5843917339500004, 0.0]
[-19.253664951468785, 133.61208076471303, -18.529139999996556]
[0.494990801576873, 14.3783877591258, 0.13900000000001]
[0.0, 0.0, 0.0]
[0, 0, 0]
[67.88888888888889, 0, 67.88888888888889]
