[0.7560476099658168, 0.4081787253743717, 0.5413716191342385]
[-0.8407839207131015, 0.20518722873229286, -0.9766231489027075]
[0.02696677697438501, 0.0017759112775978206, 0.013462266097963676]
[0.851440379882169, 0.6033530924557884, 0.5409848084535727]
[0.6897337336763656, 0.08380338613989824, 0.7044676111982908]
[0.9499195359772515, 0.0011617135981372337, 0.9594156188401015]
[0.95902109237531, 0.0012061392313380966, 0.9731993357932303]
[1.2971658799945551, 1.541244729085051, 1.026995305164338]
[0, 0, 0]
[-62.03032629000789, 984.5957539441861, -61.37762709182151]
[1.9497431192660553, 77.9235031185865, 0.19200000000000728]
[0.0, 0.0, 0.0]
[0, 0, 0]
[25.11111111111111, 0, 25.11111111111111]
