[0.6682701865091643, 0.1830995275127609, 0.4956776905385056]
[-0.8890377767634394, 0.4250487955008349, -0.8892951768433018]
[0.05410849070402119, 0.001158008979959833, 0.0615010509714119]
[1.5171490366931872, 1.1351833532068374, 1.4007823687494527]
[1.108567729055349, 0.7422049348919355, 0.7788586906916474]
[0.9556370382130513, 0.0020276089401571086, 0.9707600957541194]
[0.9551762046904526, 0.0007870023894490917, 0.9656843387321014]
[0.7084387143558745, 0.7904627588224323, 0.38497904021369656]
[0, 0, 0]
[-27.50040925022222, 399.9961785011977, -23.488782449679867]
[0.8571134020618562, 9.158773393256014, 0.19000000000002615]
[0.0, 0.0, 0.0]
[0, 0, 0]
[37.05555555555556, 0, 37.05555555555556]
