[1.1857152781467313, 0.2561885936958759, 1.362866514836881]
[-0.7360704696633042, 0.2292931414055767, -0.5222477543346525]
[0.05117768841605443, 0.004934554769919712, 0.027027027027027025]
[1.1529096613872951, 0.883022870364907, 0.8955675466081352]
[1.2742245077032637, 1.4366404473648753, 0.8077241104837303]
[0.9608325545835024, 0.0012987938272555214, 0.9727936499109278]
[0.9633720062139752, 0.0005751897083765246, 0.9705402426277743]
[0.9963623233486606, 1.426398728352773, 0.29308323563891847]
[0.7401887206836908, 9.627437966351868, 0.0]
[-50.26537388561359, 737.6247364678098, -53.84308639333018]
[0.7830969498910669, 27.173433688518486, 0.18799999999998818]
[0.018661336428612042, 0.010373849662266387, 0.0]
[103.44823232323233, 6.292130586164798, 102.0]
[37.05555555555556, 0, 37.05555555555556]
