[1.2812645437463765, 0.4774835266517572, 1.362866514836881]
[-0.8109376893204605, 0.3644511830638821, -0.5806118263537874]
[0.049450648518373885, 0.004494504732205638, 0.02651515151515152]
[1.141500954593191, 0.8601512615090253, 0.8082536476085007]
[1.2785278680714691, 1.2366750672806597, 0.9223517416465157]
[0.9615758698597187, 0.0011046600476523254, 0.9718513599505505]
[0.9598288192010692, 0.0009871322313638761, 0.9697649431025099]
[1.0116531179744004, 1.4400505073770264, 0.29603315571343614]
[0.6758244841025003, 8.79769248398302, 0.0]
[-50.486538331393874, 748.9456617586194, -53.987216666663286]
[0.9122597402597394, 33.33534934446752, 0.1870000000001255]
[0.015995431224524608, 0.00890834369297696, 0.0]
[103.44823232323233, 6.292130586164798, 102.0]
[37.05555555555556, 0, 37.05555555555556]
