[1.4757057507062648, 0.48332373189230876, 1.6066367028752429]
[-1.0733025647460774, 0.515294650904394, -0.6413956769931367]
[0.02326565444997363, 0.001601241387317467, 0.01147233618482309]
[0.719642544657593, 0.330530136751878, 0.5829371473704806]
[1.3440215788354413, 1.4248551629752255, 1.1315386401151502]
[0.9411031670420846, 0.0033909966048879616, 0.9616344437228694]
[0.9663887148093688, 0.0004366612829036641, 0.9657801872820561]
[1.1420657408846173, 1.615951466336558, 0.3271678719774395]
[0, 0, 0]
[-55.155736662546914, 719.5885685517873, -54.261282926829864]
[2.0823820224719105, 86.48977951149132, 0.19999999999998863]
[0.07692307692307693, 0.07692307692307694, 0.0]
[119.76190476190479, 0, 119.76190476190479]
[62.08333333333334, 0, 62.08333333333334]
