[0.9999564828590339, 0.0607677310688318, 1.0265254167693199]
[-0.617849909865536, 0.12505860765412366, -0.525490713897704]
[0.032509890584205225, 0.001564858380530232, 0.029012983354072264]
[1.5906644526872806, 2.57554838302685, 1.191287556860742]
[2.4103451306889965, 3.634068408667031, 1.367543617431189]
[0.9717893061321579, 0.0021207003424053494, 0.9858280395607568]
[0.9579010128893285, 0.0016515856478864137, 0.9664642019873588]
[0.5160543902202398, 0.5489533554575047, 0.198695077960221]
[0.33613142857142897, 0.1757560279142858, 0.3921500000000009]
[-12.50933971893687, 124.67413478056388, -9.37334963250969]
[0.7429626168224297, 35.336617217348135, 0.13900000000001]
[0.13209761447765292, 0.12214845825480633, 0.0]
[107.23255813953489, 0, 107.23255813953489]
[51.611111111111114, 0, 51.611111111111114]
