[1.2639410190738867, 0.13807419203871282, 1.4673348683913419]
[-1.0862978967678165, 0.07510449938431021, -1.0862978967678165]
[0.04066806557048804, 0.003919311934640503, 0.011254419128553425]
[2.0551303986559155, 3.1002594223615065, 1.3331802912242274]
[1.997186743331598, 2.3226234488386637, 1.3431341171196476]
[0.976807396092613, 0.0005433816492434814, 0.9885272782391495]
[0.9496997391107093, 0.007759005144005309, 0.991974630417108]
[0.7498439429771959, 1.010776370643158, 0.1893845744074402]
[0.977974320987644, 2.1146529872068442, 0.3921500000000009]
[-15.486973229965054, 150.44153490132274, -12.950310099467664]
[0.2828709677419353, 4.2995027209616055, 0.1389999999999958]
[0.06328488598840377, 0.03203981435652212, 0.0]
[106.82608695652173, 0, 106.82608695652173]
[25.333333333333332, 0, 25.333333333333332]
