[1.0883350193935735, 0.15383932961385974, 1.174428104575162]
[-1.3073804205407864, 0.045394723029734886, -1.2920329160071566]
[0.017959887788156038, 0.00045875592120986846, 0.009602194787379972]
[1.8157480479992703, 1.924525756655473, 1.3009024947417909]
[1.473776314533686, 0.7342843146435949, 1.2396440802421846]
[0.9739365709414015, 0.00041806397196552584, 0.9755597783710542]
[0.9702395196425133, 0.0016401151683659188, 0.990394434885936]
[0.5588668928834053, 0.44585398202522447, 0.33300033300033455]
[0.26143555555555587, 0.1537861976277779, 0.0]
[-8.51470330609865, 50.4153923684934, -7.545779986270214]
[0.43428164556962046, 4.879009498201728, 0.13900000000001]
[0.0, 0.0, 0.0]
[0, 0, 0]
[64.51536643025999, 0, 64.51536643025999]
