[1.29681335381971, 0.07685294631537042, 1.3467788809413626]
[-1.2940316939973824, 0.20557713314831405, -1.3256973167886186]
[0.034140949263822336, 0.0017071600481994899, 0.016086604811510887]
[2.057869026232604, 1.559532686308119, 1.8564787694328224]
[1.8016470693476565, 1.1047122078804368, 1.349558446856358]
[0.9843594751796941, 0.00020227617019447387, 0.9871921970170643]
[0.9795854881130105, 0.0006808339554013009, 0.9903892589055281]
[0.45877987822368926, 0.3820235415322047, 0.26214808043253146]
[0.289081011734172, 0.2893133811227291, 0.0]
[-15.578135418556732, 275.2677971653675, -11.582124809173278]
[0.5975557251908399, 26.401534213469876, 0.13900000000001]
[0.04566130759184087, 0.03414928000290784, 0.0]
[103.65211640211636, 6.2043388342992305, 102.26190476190469]
[64.51536643025999, 0, 64.51536643025999]
