[1.3436031167792908, 0.06644299849087769, 1.3923698134224418]
[-1.3768665644534273, 0.1624247751766007, -1.3871934302518845]
[0.03425384183168513, 0.0021135145546819917, 0.014809902740937223]
[2.0197133246196435, 1.4990101789398278, 1.7466085507801818]
[1.7841552065423179, 0.9327438473588391, 1.3766585736018615]
[0.9830561566831709, 0.0004647959568382481, 0.9881957805762097]
[0.9808825938520028, 0.0005252726413927694, 0.9899189317353363]
[0.509075269973005, 0.3723343062690405, 0.30404378230465307]
[0.3088969711379949, 0.3093747728009371, 0.0]
[-17.07712393754309, 285.39247723400774, -12.968433597402138]
[0.6587644762524398, 32.373927940586235, 0.13900000000001]
[0.10853870111198165, 0.08672773433357897, 0.0]
[116.95045351473922, 1248.4108326734581, 102.28571428571429]
[64.51536643025999, 0, 64.51536643025999]
